22020	0	999	3	999	999	999	999	999	999	999	999	999	999	999	999	999	999	999	999	999
22209	1	3	3	1	0	0	1	0	1	0	0	1	0	1	0	1	1	1	0	5
22900	999	4	4	0	0	1	0	0	0	0	0	0	0	0	1	1	0	0	1	1
24601	1	8	5	0	0	0	1	0	0	0	0	0	0	0	0	0	0	0	1	999
27243	0	999	5	999	999	999	999	999	999	999	999	999	999	999	999	999	999	999	999	999
999	1	3	3	1	0	1	1	1	1	0	1	1	1	1	1	1	1	1	1	3
22000	0	2	2	0	0	1	1	1	0	0	0	1	0	0	0	1	0	0	0	2
22001	1	999	5	999	999	999	999	999	999	999	999	999	999	999	999	999	999	999	999	999
22002	0	2	2	1	0	1	0	1	0	0	1	1	1	1	1	1	1	0	1	1
22004	0	3	3	1	0	0	0	0	0	0	0	0	0	0	0	1	1	0	0	2
22005	1	2	2	1	0	1	0	1	1	0	1	1	1	1	0	1	1	1	1	4
22006	1	3	3	0	0	0	0	1	0	1	1	1	1	1	1	1	1	1	1	1
22007	0	3	3	1	0	0	1	1	1	0	0	1	1	1	1	1	0	0	0	1
22009	0	2	2	1	0	0	0	1	0	0	1	1	1	1	0	1	0	0	1	2
22011	1	3	3	1	0	1	0	1	1	0	0	0	0	0	0	1	1	1	1	2
22013	1	7	5	1	1	0	0	1	0	0	1	1	0	0	0	0	1	1	1	4
22015	1	2	2	0	0	1	0	0	0	0	0	0	0	0	0	0	0	0	1	2
22016	0	7	5	0	0	1	1	0	0	0	1	1	1	0	0	1	0	0	1	2
22018	1	4	4	1	0	0	0	0	1	0	0	0	0	1	0	1	1	0	0	4
22021	1	3	3	1	0	0	1	1	1	0	0	0	0	0	0	0	0	1	1	5
22040	1	3	3	1	0	1	0	0	0	1	1	1	1	0	1	1	1	1	1	1
22103	0	2	2	0	0	0	0	0	0	0	0	0	0	0	0	0	0	0	1	2
22106	0	7	5	0	0	0	0	0	0	1	0	0	0	0	0	0	0	0	1	1
22107	0	3	3	0	1	0	1	0	0	0	0	1	0	0	0	999	0	0	1	2
22108	0	3	3	0	0	1	1	1	0	1	1	0	0	1	1	1	1	0	1	2
22110	1	999	3	999	999	999	999	999	999	999	999	999	999	999	999	999	999	999	999	999
22112	1	2	2	0	0	1	0	0	0	0	0	0	0	0	0	1	0	0	0	2
22113	1	7	5	1	0	1	0	1	0	0	0	1	1	1	0	1	1	0	1	2
22204	1	7	5	0	0	1	0	1	1	0	0	0	1	1	0	1	1	1	0	3
22205	1	2	2	1	0	1	1	1	1	0	0	0	0	0	0	0	0	1	1	2
22206	0	3	3	1	0	1	0	0	0	1	0	0	0	0	0	0	1	0	0	2
22211	1	999	5	1	0	1	1	1	1	0	0	1	1	1	1	1	1	1	0	2
22212	1	3	3	1	0	1	0	1	1	0	0	1	0	0	0	0	0	1	0	5
22214	0	2	2	0	0	0	0	0	0	1	0	0	0	0	0	0	0	0	1	1
22218	1	2	2	0	0	1	0	1	0	1	1	0	0	0	0	1	1	0	1	1
22219	0	2	2	0	0	0	0	0	0	1	0	0	0	1	0	0	1	0	1	1
22220	1	3	3	1	0	0	0	1	0	0	1	1	1	1	1	1	1	1	1	1
22221	1	2	2	0	1	1	1	1	0	0	1	1	1	1	1	1	0	1	1	4
22223	999	3	3	0	0	1	1	0	1	0	0	0	0	1	0	0	1	0	1	2
22224	1	2	2	0	0	0	1	1	0	0	0	1	1	0	1	1	1	1	1	1
22302	0	7	5	1	0	1	0	1	1	1	1	1	1	0	0	1	0	1	0	2
22303	0	5	2	0	0	0	0	0	0	1	0	0	0	0	0	0	0	0	1	1
22304	1	3	3	0	0	1	0	0	0	0	1	0	0	0	1	0	0	0	1	2
22305	0	999	4	999	999	999	999	999	999	999	999	999	999	999	999	999	999	999	999	999
22307	1	2	2	1	0	1	0	1	1	0	1	1	0	0	0	1	0	1	0	4
22308	1	7	5	1	0	1	999	1	0	0	0	0	1	1	1	0	1	0	1	1
22310	1	2	2	0	0	1	0	0	0	1	0	0	0	1	0	0	1	1	0	2
22311	1	999	3	999	999	999	999	999	999	999	999	999	999	999	999	999	999	999	999	999
22312	0	7	5	0	0	1	0	1	0	0	0	0	0	0	0	0	0	1	0	3
22313	0	3	3	1	0	1	1	0	0	1	1	1	1	1	1	0	0	0	1	1
22314	0	2	2	1	0	0	0	1	0	0	1	1	1	1	1	1	1	1	1	2
22315	1	3	3	1	0	1	0	0	1	1	0	0	1	0	0	0	1	1	0	4
22317	1	2	2	1	0	1	1	0	1	1	0	0	0	0	1	1	1	1	1	2
22320	0	3	3	0	0	1	1	0	0	0	0	0	0	0	0	1	0	0	1	1
22321	1	3	3	1	0	0	1	0	0	0	1	1	1	1	1	1	1	1	0	2
22342	999	3	3	1	0	0	0	0	1	0	0	1	0	0	0	0	0	1	1	5
22400	1	3	3	1	0	0	0	1	0	0	1	1	1	1	0	1	1	1	1	3
22401	1	7	5	0	0	0	0	0	0	1	0	0	0	0	0	0	999	999	1	1
22403	1	3	3	1	1	0	0	1	0	0	1	1	0	0	0	1	1	1	0	4
22407	1	3	3	0	0	0	0	0	0	1	0	0	0	0	0	0	0	0	1	2
22408	0	3	3	1	0	0	1	1	0	0	1	1	0	0	0	0	0	0	0	4
22409	0	2	2	1	0	0	1	1	0	0	0	1	0	0	0	0	1	1	1	2
22410	1	2	2	0	0	1	0	0	1	0	0	1	0	0	0	1	0	1	1	3
22411	1	3	3	1	0	1	1	1	0	0	1	1	1	0	0	1	1	1	0	1
22412	1	3	3	1	0	1	1	1	0	0	0	1	1	1	1	1	1	1	1	2
22414	0	2	2	0	1	1	1	1	1	1	1	1	1	1	1	1	1	1	1	2
22440	0	2	2	0	0	0	1	1	0	1	0	0	0	0	0	0	0	0	1	1
22442	0	999	3	999	999	999	999	999	999	999	999	999	999	999	999	999	999	999	999	999
22445	0	2	2	1	0	1	0	1	0	0	0	0	1	0	0	0	1	1	0	4
22500	0	7	5	0	0	0	1	1	0	0	1	1	1	1	0	1	0	1	1	1
22501	1	999	2	999	999	999	999	999	999	999	999	999	999	999	999	999	999	999	999	999
22502	1	2	2	1	0	0	1	1	0	0	1	0	1	0	0	1	1	1	1	2
22504	0	2	2	0	0	1	0	0	0	0	1	0	1	1	0	0	0	1	1	2
22505	0	999	3	999	999	999	999	999	999	999	999	999	999	999	999	999	999	999	999	999
22506	0	999	5	1	0	0	0	1	0	0	0	1	0	1	0	0	0	0	1	2
22508	0	999	3	999	999	999	999	999	999	999	999	999	999	999	999	999	999	999	999	999
22509	1	3	3	0	0	0	1	0	0	0	0	0	0	0	0	0	0	0	1	1
22510	0	2	2	0	0	1	0	0	0	1	0	0	0	0	0	0	0	0	1	1
22511	1	2	2	1	0	0	0	0	0	1	0	0	0	1	0	1	0	1	1	3
22512	1	2	2	0	0	0	1	0	1	0	1	0	0	0	0	1	1	0	1	4
22513	0	6	5	1	0	0	0	0	0	0	1	1	1	1	0	1	1	1	1	2
22516	1	7	5	0	0	1	0	0	0	1	1	1	1	1	0	1	1	0	0	3
22540	0	2	2	0	0	1	1	0	0	1	0	1	1	1	0	1	1	0	1	1
22541	0	2	2	1	0	0	1	0	0	0	1	1	1	1	0	1	1	1	1	1
22544	0	2	2	0	0	0	0	0	0	0	0	0	0	0	0	0	0	0	1	1
22602	1	3	3	1	0	0	0	0	1	0	0	0	0	0	0	0	0	0	1	3
22606	1	2	2	1	0	1	0	1	0	1	0	0	1	0	0	0	0	0	0	2
22608	1	3	3	1	0	1	0	0	1	0	1	1	0	0	0	0	1	1	0	3
22610	0	2	2	0	0	0	0	0	0	0	1	0	0	0	0	0	0	0	1	3
22613	1	3	3	1	0	0	1	1	0	0	1	1	1	1	1	0	0	0	0	4
22614	1	2	2	999	999	999	999	999	999	999	999	999	999	999	999	999	999	999	999	999
22615	1	3	3	0	0	0	1	0	1	1	0	0	0	0	0	0	0	0	1	3
22616	1	3	3	1	0	0	1	1	1	0	1	1	1	1	0	1	0	0	0	4
22642	0	2	2	1	0	1	999	1	0	0	1	1	1	1	1	1	1	0	1	999
22700	1	999	5	999	999	999	999	999	999	999	999	999	999	999	999	999	999	999	999	999
22704	0	999	3	999	999	999	999	999	999	999	999	999	999	999	999	999	999	999	999	999
22705	1	3	3	1	1	1	1	1	1	1	1	1	1	1	1	1	1	1	1	1
22707	0	2	2	0	0	0	0	0	0	1	0	0	0	0	0	0	0	0	1	2
22708	1	7	5	0	1	1	1	1	1	0	0	0	0	0	0	0	1	0	1	2
22709	1	3	3	1	0	1	0	1	1	0	1	1	1	0	1	1	1	1	1	4
22710	1	7	5	1	0	1	0	1	1	0	0	1	0	1	0	1	0	1	1	4
22711	1	2	2	0	0	1	0	0	1	1	0	0	0	0	0	0	0	0	0	4
22715	1	999	2	999	999	999	999	999	999	999	999	999	999	999	999	999	999	999	999	999
22718	0	3	3	0	0	1	1	1	0	0	0	1	1	1	0	1	1	1	1	2
22719	1	2	2	1	0	0	1	0	0	0	0	0	0	0	0	0	0	0	1	2
22740	0	7	5	0	0	0	0	1	0	0	1	1	1	0	0	1	1	0	0	2
22742	0	2	2	1	0	1	1	1	1	0	0	1	1	1	1	1	0	1	1	4
22800	0	3	3	1	0	0	0	1	0	0	0	0	0	1	0	1	1	0	1	2
22801	1	5	2	1	0	1	1	1	1	1	1	1	0	1	0	1	1	1	0	4
22803	0	2	2	0	0	0	0	1	0	1	1	1	0	1	1	0	0	1	1	3
22804	1	7	5	1	0	1	0	0	0	0	0	1	0	1	0	1	0	0	1	2
22806	1	7	5	1	0	0	0	0	0	1	0	1	1	1	1	1	1	0	0	4
22808	0	8	5	0	0	0	1	0	0	0	0	1	0	0	0	0	0	0	1	2
22812	0	3	3	0	0	0	0	0	0	1	0	0	0	0	0	0	0	0	1	2
22814	0	7	5	0	0	0	0	0	0	0	0	0	0	0	0	0	0	0	1	1
22815	1	2	2	0	0	1	1	0	0	0	1	0	1	0	0	0	0	1	1	2
22816	1	4	4	1	0	1	0	0	1	0	1	1	0	0	0	1	1	1	1	3
22820	0	2	2	0	0	0	0	0	0	1	0	0	0	0	0	0	0	0	1	1
22821	1	999	3	999	999	999	999	999	999	999	999	999	999	999	999	999	999	999	999	999
23001	0	5	2	0	0	0	0	0	0	0	0	0	0	0	0	0	0	0	1	999
23003	1	2	2	0	0	1	1	1	0	0	1	0	1	0	0	0	1	1	1	3
23010	0	4	4	0	1	1	1	1	0	0	1	1	1	1	1	1	999	0	0	3
23020	0	5	2	0	0	1	1	1	0	0	1	1	1	1	1	1	1	1	1	2
23029	1	999	4	999	999	999	999	999	999	999	999	999	999	999	999	999	999	999	999	999
23108	1	999	4	999	999	999	999	999	999	999	999	999	999	999	999	999	999	999	999	999
23118	0	2	2	1	0	1	0	1	1	1	1	1	1	1	0	1	1	1	0	2
23122	1	999	5	999	999	999	999	999	999	999	999	999	999	999	999	999	999	999	999	999
23201	0	5	2	1	0	1	1	1	0	1	0	0	0	0	1	1	0	1	1	2
23206	1	999	5	999	999	999	999	999	999	999	999	999	999	999	999	999	999	999	999	999
23207	1	999	4	999	999	999	999	999	999	999	999	999	999	999	999	999	999	999	999	999
23208	0	4	4	1	0	1	0	1	0	1	1	0	1	1	1	1	1	1	999	999
23214	0	7	5	1	0	1	1	0	0	0	0	0	0	0	0	0	0	0	1	1
23216	0	999	5	999	999	999	999	999	999	999	999	999	999	999	999	999	999	999	999	999
23217	0	5	2	0	0	0	1	0	0	0	0	0	0	0	0	0	0	0	1	3
23227	0	4	4	1	0	1	1	1	0	1	0	0	0	0	0	0	0	0	1	999
23301	0	3	3	0	1	1	1	1	0	0	0	1	0	0	1	0	0	0	0	4
23305	1	4	4	0	0	0	0	0	0	1	0	0	0	0	0	0	0	0	1	1
23309	1	8	5	0	0	0	0	0	0	0	0	0	0	0	0	0	0	0	1	1
23313	1	4	4	0	0	1	1	1	0	1	1	1	1	1	1	1	1	1	1	1
23320	0	999	5	0	1	0	0	1	0	1	1	1	1	1	1	1	1	1	1	1
23322	1	4	4	0	0	1	0	0	1	1	1	0	0	1	0	1	1	0	0	3
23400	1	4	4	1	0	1	0	1	0	0	1	1	1	1	0	1	1	1	1	1
23403	1	7	5	1	1	0	0	1	1	0	1	1	0	0	0	0	1	1	0	4
23405	1	999	5	999	999	999	999	999	999	999	999	999	999	999	999	999	999	999	999	999
23410	1	999	4	999	999	999	999	999	999	999	999	999	999	999	999	999	999	999	999	999
23411	1	2	2	0	0	0	0	0	0	0	0	0	0	0	0	1	0	0	1	2
23413	0	999	2	999	999	999	999	999	999	999	999	999	999	999	999	999	999	999	999	999
23422	1	4	4	0	1	1	1	1	1	0	0	1	0	0	1	1	1	1	0	5
23425	0	7	5	1	0	1	0	0	1	1	1	1	0	0	0	0	1	1	1	999
23444	1	5	2	0	0	0	0	0	0	1	0	0	0	1	0	0	0	0	1	5
23501	1	5	2	0	0	0	0	0	1	1	1	1	1	0	0	0	1	1	1	5
23505	0	999	2	999	999	999	999	999	999	999	999	999	999	999	999	999	999	999	999	999
23506	1	999	4	999	999	999	999	999	999	999	999	999	999	999	999	999	999	999	999	999
23510	1	3	3	0	0	1	0	0	1	1	0	0	0	0	0	0	0	0	1	2
23515	0	5	2	1	0	0	1	1	1	0	1	1	1	1	0	1	1	1	0	2
23518	1	8	5	1	0	0	0	1	0	0	1	1	1	1	0	1	1	0	1	2
23519	1	999	2	999	999	999	999	999	999	999	999	999	999	999	999	999	999	999	999	999
23520	1	5	2	0	0	0	1	1	1	1	1	1	0	0	0	1	1	1	0	3
23524	1	4	4	0	0	1	0	0	0	1	1	0	1	0	0	1	0	0	1	4
23525	1	999	4	999	999	999	999	999	999	999	999	999	999	999	999	999	999	999	999	999
23527	0	4	4	1	0	0	1	0	0	1	0	0	0	0	1	0	0	0	1	1
23528	1	4	4	0	0	0	0	1	0	0	1	1	0	0	0	1	1	1	0	4
23529	1	4	4	0	0	1	1	1	0	0	0	0	0	1	1	1	1	1	1	3
23600	1	8	5	0	0	1	1	0	0	1	0	0	0	0	0	1	1	0	999	2
23604	0	4	4	0	0	0	0	0	0	1	0	0	0	0	0	0	0	0	1	1
23617	0	4	4	0	0	0	0	1	0	1	0	0	0	0	0	0	0	0	1	999
23623	1	8	5	1	0	0	1	0	0	0	0	1	0	0	0	0	0	0	0	5
23700	1	5	2	1	0	1	0	1	1	0	0	1	1	0	0	0	1	0	1	4
23709	1	999	4	999	999	999	999	999	999	999	999	999	999	999	999	999	999	999	999	999
23714	0	3	3	0	0	0	0	0	0	1	0	0	0	0	0	0	0	0	1	1
23725	0	4	4	1	1	1	0	1	1	0	1	0	0	0	0	0	0	1	0	1
23741	0	4	4	0	0	0	0	1	0	0	1	1	1	0	1	1	1	1	1	1
23748	0	999	3	999	999	999	999	999	999	999	999	999	999	999	999	999	999	999	999	999
23753	1	999	4	999	999	999	999	999	999	999	999	999	999	999	999	999	999	999	999	999
23802	1	1	1	0	0	0	0	0	0	0	0	0	0	0	0	0	0	0	1	1
23803	1	5	2	0	0	1	0	1	0	1	0	1	0	0	0	1	0	1	1	3
23811	1	4	4	1	0	1	0	1	0	1	1	1	0	0	0	1	1	1	0	3
23815	1	6	5	0	0	1	0	0	1	0	1	1	1	0	0	1	1	1	1	4
23828	1	2	2	1	0	1	1	0	1	1	1	0	0	0	0	0	1	1	1	4
23831	1	7	5	1	0	0	1	1	0	0	1	1	0	0	0	0	0	1	1	2
24020	1	999	5	999	999	999	999	999	999	999	999	999	999	999	999	999	999	999	999	999
24104	0	999	2	999	999	999	999	999	999	999	999	999	999	999	999	999	999	999	999	999
24112	0	999	2	999	999	999	999	999	999	999	999	999	999	999	999	999	999	999	999	999
24315	0	3	3	1	0	0	0	0	0	0	0	1	0	0	0	1	0	0	1	1
24405	1	4	4	1	0	1	1	1	0	1	0	999	0	1	1	1	1	1	1	1
24413	0	4	4	0	0	1	1	0	0	1	0	0	1	1	1	1	1	0	1	1
24417	0	999	4	999	999	999	999	999	999	999	999	999	999	999	999	999	999	999	999	999
24418	1	5	2	1	0	1	1	1	0	0	1	1	1	0	1	1	1	0	1	1
24425	1	999	4	999	999	999	999	999	999	999	999	999	999	999	999	999	999	999	999	999
24426	1	8	5	0	1	0	0	1	1	0	0	0	0	0	0	0	1	0	1	5
24807	0	999	4	999	999	999	999	999	999	999	999	999	999	999	999	999	999	999	999	999
24902	0	999	5	999	999	999	999	999	999	999	999	999	999	999	999	999	999	999	999	999
24906	0	4	4	0	0	1	1	1	0	0	1	1	999	0	0	0	1	1	1	2
24921	1	1	1	1	0	0	0	0	0	0	0	0	0	0	0	0	0	0	1	4
26015	0	999	5	999	999	999	999	999	999	999	999	999	999	999	999	999	999	999	999	999
26016	0	999	3	999	999	999	999	999	999	999	999	999	999	999	999	999	999	999	999	999
26017	1	999	4	999	999	999	999	999	999	999	999	999	999	999	999	999	999	999	999	999
26021	0	999	5	999	999	999	999	999	999	999	999	999	999	999	999	999	999	999	999	999
26023	1	999	3	999	999	999	999	999	999	999	999	999	999	999	999	999	999	999	999	999
26024	1	999	4	999	999	999	999	999	999	999	999	999	999	999	999	999	999	999	999	999
26025	1	999	4	999	999	999	999	999	999	999	999	999	999	999	999	999	999	999	999	999
26028	0	999	2	999	999	999	999	999	999	999	999	999	999	999	999	999	999	999	999	999
26029	1	999	5	999	999	999	999	999	999	999	999	999	999	999	999	999	999	999	999	999
26031	0	999	5	999	999	999	999	999	999	999	999	999	999	999	999	999	999	999	999	999
26033	0	999	4	999	999	999	999	999	999	999	999	999	999	999	999	999	999	999	999	999
26034	1	999	4	999	999	999	999	999	999	999	999	999	999	999	999	999	999	999	999	999
26048	1	999	4	999	999	999	999	999	999	999	999	999	999	999	999	999	999	999	999	999
26049	0	999	4	999	999	999	999	999	999	999	999	999	999	999	999	999	999	999	999	999
26104	1	999	5	999	999	999	999	999	999	999	999	999	999	999	999	999	999	999	999	999
26105	0	5	2	0	0	1	1	1	1	1	1	1	1	1	1	1	1	1	1	1
26113	0	4	4	0	0	0	0	0	0	0	0	1	0	0	0	1	0	0	1	3
26116	0	999	5	999	999	999	999	999	999	999	999	999	999	999	999	999	999	999	999	999
26124	1	999	4	999	999	999	999	999	999	999	999	999	999	999	999	999	999	999	999	999
26201	0	4	4	0	0	0	0	1	999	0	0	1	1	1	0	0	1	1	0	2
26202	1	999	2	999	999	999	999	999	999	999	999	999	999	999	999	999	999	999	999	999
26204	1	999	4	999	999	999	999	999	999	999	999	999	999	999	999	999	999	999	999	999
26211	0	5	2	0	0	0	0	0	0	0	0	0	0	1	0	0	0	0	1	2
26224	1	999	4	999	999	999	999	999	999	999	999	999	999	999	999	999	999	999	999	999
26229	0	999	4	999	999	999	999	999	999	999	999	999	999	999	999	999	999	999	999	999
26301	1	4	4	1	0	1	1	1	0	0	1	1	1	1	1	1	1	1	1	1
26304	1	8	5	0	0	1	1	1	0	1	1	1	1	1	1	1	1	1	1	2
26306	0	5	2	0	0	0	0	0	0	1	0	0	0	0	0	0	0	0	1	2
26307	0	999	3	999	999	999	999	999	999	999	999	999	999	999	999	999	999	999	999	999
26308	1	3	3	0	1	0	0	0	1	0	0	0	1	0	1	1	1	1	0	1
26309	0	5	2	1	0	1	1	1	1	0	1	1	1	0	1	1	1	1	1	3
26401	1	8	5	1	0	1	1	1	0	1	1	1	1	1	1	1	1	1	0	3
26402	1	5	2	0	0	1	1	1	1	0	0	0	0	1	1	1	1	1	1	4
26403	0	3	3	0	0	0	0	0	0	0	0	0	0	0	0	0	0	0	0	1
26406	1	7	5	0	0	0	1	0	0	1	0	0	0	0	0	0	0	0	0	2
26407	1	4	4	1	0	1	1	0	0	1	0	0	0	1	0	0	0	0	1	1
26410	0	4	4	1	0	0	0	1	0	0	1	1	1	1	1	1	1	1	0	5
26411	0	999	4	999	999	999	999	999	999	999	999	999	999	999	999	999	999	999	999	999
26412	1	8	5	0	0	1	1	1	1	0	1	0	0	0	0	999	1	1	1	4
26413	1	7	5	0	0	1	1	1	0	0	1	1	0	0	0	1	1	1	0	3
26414	1	2	2	1	0	1	0	1	0	1	0	0	0	0	0	1	0	1	0	3
26417	1	3	3	0	0	0	0	0	0	1	0	0	0	0	0	0	0	0	1	4
26420	1	999	4	999	999	999	999	999	999	999	999	999	999	999	999	999	999	999	999	999
26603	1	999	4	999	999	999	999	999	999	999	999	999	999	999	999	999	999	999	999	999
26605	1	4	4	1	0	0	0	0	0	0	0	1	1	1	1	1	1	1	1	5
26614	0	999	4	999	999	999	999	999	999	999	999	999	999	999	999	999	999	999	999	999
26615	1	4	4	1	0	1	1	0	0	0	1	1	0	0	0	1	1	1	0	1
26616	1	999	4	999	999	999	999	999	999	999	999	999	999	999	999	999	999	999	999	999
26617	1	4	4	1	0	0	0	0	0	1	0	1	0	1	0	1	0	0	1	2
26618	1	999	5	0	0	1	1	1	1	1	0	1	0	0	0	0	0	0	0	5
26619	0	4	4	0	0	1	0	1	0	0	0	0	1	1	1	1	1	1	0	3
26622	0	999	3	999	999	999	999	999	999	999	999	999	999	999	999	999	999	999	999	999
26627	0	4	4	0	1	1	0	0	0	1	0	0	1	1	0	1	1	1	1	2
26630	1	999	4	999	999	999	999	999	999	999	999	999	999	999	999	999	999	999	999	999
26631	1	6	5	1	0	1	0	1	0	0	1	1	1	1	0	1	0	1	1	3
26633	1	999	5	999	999	999	999	999	999	999	999	999	999	999	999	999	999	999	999	999
26636	999	4	4	1	0	1	0	0	0	0	0	0	0	0	0	0	0	0	1	1
26637	0	4	4	0	0	0	0	0	0	1	0	0	0	1	0	0	1	0	1	2
26638	1	1	1	0	0	0	0	0	0	0	0	0	0	0	0	0	0	0	1	1
26639	1	7	5	0	0	1	0	1	0	0	1	1	0	0	0	1	1	1	1	2
26643	1	999	5	999	999	999	999	999	999	999	999	999	999	999	999	999	999	999	999	999
26655	1	4	4	0	0	1	1	0	0	1	0	999	0	0	0	0	0	0	1	1
26656	0	5	2	0	0	0	0	999	0	0	0	0	1	0	1	1	1	0	1	1
26657	999	4	4	0	0	1	1	1	0	1	1	1	1	1	1	1	1	1	1	999
26660	1	3	3	0	0	1	0	1	1	1	1	1	0	0	0	1	1	1	1	5
26665	0	4	4	1	0	0	0	1	0	0	0	0	0	0	0	1	0	0	1	2
26667	0	4	4	1	0	0	0	0	999	0	0	0	0	0	0	0	0	0	1	999
26672	1	999	4	999	999	999	999	999	999	999	999	999	999	999	999	999	999	999	999	999
26674	1	4	4	1	0	1	0	0	0	1	0	1	1	0	1	1	1	1	1	3
26679	0	999	5	999	999	999	999	999	999	999	999	999	999	999	999	999	999	999	999	999
26683	0	2	2	0	1	1	0	1	0	0	0	1	0	0	0	1	0	1	0	4
26689	1	999	5	999	999	999	999	999	999	999	999	999	999	999	999	999	999	999	999	999
26704	1	4	4	0	1	1	1	0	0	1	0	0	1	1	0	1	1	1	1	1
26706	0	3	3	0	1	1	0	1	1	1	0	0	0	0	0	1	1	1	0	2
26709	0	999	2	999	999	999	999	999	999	999	999	999	999	999	999	999	999	999	999	999
26714	1	4	4	0	0	1	1	1	0	0	0	1	1	0	0	1	1	1	1	3
26720	1	999	4	999	999	999	999	999	999	999	999	999	999	999	999	999	999	999	999	999
26722	1	4	4	0	0	1	1	0	0	1	0	0	0	0	0	1	0	1	1	1
26725	0	3	3	0	0	1	1	1	0	0	0	1	1	0	0	1	1	1	1	2
26729	1	2	2	1	0	1	0	1	0	0	1	1	1	1	0	1	1	1	1	2
26730	1	999	2	999	999	999	999	999	999	999	999	999	999	999	999	999	999	999	999	999
26733	1	7	5	1	1	1	1	0	0	0	0	0	0	0	0	1	0	0	0	2
26734	1	4	4	1	0	0	0	1	0	1	0	1	0	0	0	0	1	0	0	2
26737	0	1	1	0	0	1	1	1	0	0	0	1	0	1	1	0	0	0	1	2
26738	0	2	2	1	0	0	0	0	0	0	1	1	1	1	0	1	1	0	1	2
26741	1	7	5	1	0	0	0	1	0	0	1	999	999	999	999	999	999	999	999	2
26745	1	4	4	1	0	1	0	1	1	0	0	1	0	0	0	1	0	1	0	4
26749	0	3	3	0	0	0	0	1	0	1	0	1	0	0	0	1	1	1	1	2
26765	1	999	4	999	999	999	999	999	999	999	999	999	999	999	999	999	999	999	999	999
26776	1	999	5	999	999	999	999	999	999	999	999	999	999	999	999	999	999	999	999	999
26782	0	999	4	999	999	999	999	999	999	999	999	999	999	999	999	999	999	999	999	999
26804	1	999	3	999	999	999	999	999	999	999	999	999	999	999	999	999	999	999	999	999
26806	1	4	4	0	1	1	0	1	1	1	0	0	0	0	1	1	1	0	1	3
26813	0	999	5	999	999	999	999	999	999	999	999	999	999	999	999	999	999	999	999	999
26814	1	999	4	999	999	999	999	999	999	999	999	999	999	999	999	999	999	999	999	999
26822	1	999	4	999	999	999	999	999	999	999	999	999	999	999	999	999	999	999	999	999
26903	1	4	4	1	1	0	0	0	0	0	0	1	0	0	0	0	1	0	0	5
26904	1	4	4	0	0	0	0	0	0	0	1	0	0	1	0	0	0	0	1	3
26909	1	999	3	999	999	999	999	999	999	999	999	999	999	999	999	999	999	999	999	999
26911	0	4	4	0	0	0	1	0	0	1	0	1	0	0	1	0	0	0	1	1
26921	1	4	4	0	0	0	0	0	1	0	0	0	0	0	0	0	0	0	1	2
26924	0	4	4	1	0	1	1	1	0	0	1	1	1	1	1	1	1	1	0	4
26930	0	7	5	1	0	1	1	1	0	0	0	0	0	0	0	0	0	0	0	3
26931	1	4	4	1	0	1	1	1	0	1	1	1	1	1	0	1	1	1	1	2
26932	1	3	3	1	0	0	0	0	0	0	0	0	0	0	0	0	0	0	1	2
26935	1	8	5	0	0	0	1	0	0	1	0	0	0	0	0	0	0	0	1	1
26937	1	999	4	999	999	999	999	999	999	999	999	999	999	999	999	999	999	999	999	999
26945	0	999	3	999	999	999	999	999	999	999	999	999	999	999	999	999	999	999	999	999
26951	0	2	2	1	0	0	0	1	0	0	0	1	1	1	1	1	1	1	1	2
26952	1	5	2	1	0	0	1	1	0	0	1	1	1	1	1	1	1	1	1	2
26954	1	8	5	1	0	1	1	1	0	0	0	1	1	0	0	1	1	0	0	3
26956	1	4	4	1	0	1	1	1	1	1	0	1	1	1	0	1	1	1	0	5
26957	1	999	2	999	999	999	999	999	999	999	999	999	999	999	999	999	999	999	999	999
26960	0	3	3	1	0	1	1	1	0	0	0	1	1	0	0	1	1	1	1	4
26962	0	3	3	1	0	0	1	0	0	0	0	0	1	0	0	1	1	0	1	2
26966	0	8	5	1	1	0	1	0	0	0	0	1	0	0	0	0	1	0	0	4
26984	1	999	5	999	999	999	999	999	999	999	999	999	999	999	999	999	999	999	999	999
27105	1	3	3	1	0	1	0	1	0	0	1	1	1	1	0	1	0	0	0	2
27106	0	8	5	1	0	0	1	1	0	0	0	1	0	1	0	1	0	0	1	2
27107	0	4	4	0	0	1	1	1	1	1	0	0	0	0	0	1	0	1	0	2
27108	1	4	4	0	0	0	0	0	1	1	0	0	0	0	0	1	1	0	0	2
27109	0	2	2	0	1	0	1	0	0	1	0	0	0	0	1	1	0	0	1	2
27114	0	1	1	0	0	1	1	1	0	1	0	1	1	1	1	1	1	1	1	3
27120	1	2	2	1	0	0	0	1	0	0	1	1	1	1	1	1	0	0	1	2
27122	1	2	2	1	0	1	0	0	0	1	0	0	0	1	0	0	0	0	0	3
27127	1	3	3	0	0	0	0	0	0	1	0	1	0	0	0	0	0	1	1	3
27130	0	999	2	999	999	999	999	999	999	999	999	999	999	999	999	999	999	999	999	999
27131	0	999	2	999	999	999	999	999	999	999	999	999	999	999	999	999	999	999	999	999
27136	1	3	3	1	0	1	0	0	1	0	1	1	0	1	0	1	0	1	1	3
27148	0	4	4	0	0	0	0	0	0	1	0	0	0	0	0	1	0	0	1	2
27149	1	2	2	0	0	0	0	0	0	0	1	1	1	0	0	0	1	1	1	4
27150	1	2	2	0	0	0	0	0	0	1	0	0	0	0	0	0	0	0	1	3
27157	0	999	3	999	999	999	999	999	999	999	999	999	999	999	999	999	999	999	999	999
27169	1	999	3	999	999	999	999	999	999	999	999	999	999	999	999	999	999	999	999	999
27179	0	999	2	999	999	999	999	999	999	999	999	999	999	999	999	999	999	999	999	999
27223	1	3	3	0	0	1	0	1	1	1	0	0	0	0	0	1	1	0	0	4
27225	1	3	3	1	0	1	0	1	0	1	1	0	0	0	0	0	1	1	1	2
27234	1	999	2	999	999	999	999	999	999	999	999	999	999	999	999	999	999	999	999	999
27238	0	3	3	0	0	0	0	0	0	1	0	0	0	0	0	0	0	0	1	1
27246	1	4	4	1	0	0	0	0	0	1	0	0	0	0	0	0	1	0	1	1
27253	0	2	2	1	0	1	1	1	0	0	1	1	1	1	1	1	1	1	1	1
27255	0	1	1	0	0	0	0	0	0	1	1	1	1	0	0	1	1	1	1	2
27260	0	999	3	999	999	999	999	999	999	999	999	999	999	999	999	999	999	999	999	999
27262	0	2	2	1	0	1	1	1	0	0	1	1	1	0	1	1	0	1	1	2
27265	0	2	2	0	0	1	0	1	0	0	1	1	1	1	1	1	1	1	1	1
27267	0	999	5	999	999	999	999	999	999	999	999	999	999	999	999	999	999	999	999	999
27268	0	4	4	0	0	1	1	0	0	1	0	0	0	1	1	0	0	0	1	1
27270	1	7	5	1	0	1	1	0	1	0	0	0	0	0	1	1	1	1	0	3
27271	1	3	3	0	0	0	0	0	0	1	0	0	0	0	0	0	1	0	1	3
27304	0	999	1	999	999	999	999	999	999	999	999	999	999	999	999	999	999	999	999	999
27306	1	2	2	1	0	0	1	0	0	1	1	1	1	0	1	1	0	0	0	2
27308	0	7	5	1	0	0	0	1	0	0	0	1	0	0	0	1	1	1	1	4
27310	0	3	3	0	1	1	0	1	0	1	0	1	1	0	0	1	1	1	1	3
27319	0	999	3	999	999	999	999	999	999	999	999	999	999	999	999	999	999	999	999	999
27320	1	999	5	999	999	999	999	999	999	999	999	999	999	999	999	999	999	999	999	999
27325	1	3	3	1	0	1	1	1	0	1	1	1	1	0	0	1	0	0	1	1
27326	1	2	2	1	0	1	0	1	0	0	1	1	1	1	0	1	0	1	0	3
27331	1	2	2	0	0	0	0	0	0	1	1	1	1	1	0	0	1	1	1	2
27338	0	999	4	999	999	999	999	999	999	999	999	999	999	999	999	999	999	999	999	999
27346	0	7	5	0	0	0	0	1	0	1	0	0	0	0	0	0	1	1	0	2
27351	1	3	3	1	0	0	1	1	0	0	0	0	0	1	0	1	1	1	1	2
30202	999	999	4	999	999	999	999	999	999	999	999	999	999	999	999	999	999	999	999	999
30203	0	3	3	1	0	1	1	1	0	1	0	0	0	1	1	1	0	1	1	1
30204	0	4	4	1	0	1	1	1	0	0	1	0	0	0	0	0	0	0	1	1
30209	0	4	4	1	0	1	0	0	0	1	0	0	0	1	0	1	1	1	0	3
30210	0	4	4	0	0	0	0	1	0	1	0	0	1	0	0	1	0	0	1	1
30211	0	3	3	0	0	1	0	1	0	1	1	1	1	0	0	1	1	1	0	2
30214	0	3	3	0	0	0	1	0	1	0	1	0	1	0	0	1	1	1	0	4
30218	0	999	3	999	999	999	999	999	999	999	999	999	999	999	999	999	999	999	999	999
30301	1	4	4	0	0	1	0	1	1	0	1	1	1	1	1	1	1	1	1	1
30302	0	3	3	1	0	1	0	1	0	1	1	1	1	1	1	1	1	1	0	3
30303	0	3	3	1	0	0	0	0	0	0	0	0	0	0	0	0	0	1	1	1
30305	1	3	3	1	0	1	1	0	0	0	0	0	0	0	0	1	0	0	1	1
30308	1	4	4	1	0	1	0	1	0	0	0	0	0	0	0	0	0	0	0	3
30312	1	999	5	999	999	999	999	999	999	999	999	999	999	999	999	999	999	999	999	999
30318	1	999	3	999	999	999	999	999	999	999	999	999	999	999	999	999	999	999	999	999
30502	0	3	3	0	0	0	1	1	0	0	0	1	0	0	0	1	1	0	1	1
30503	0	3	3	1	0	0	0	0	0	0	0	0	0	0	0	0	0	0	0	3
30506	1	5	2	0	0	0	1	1	0	1	0	1	1	0	0	1	1	1	1	2
30507	0	3	3	1	0	1	1	1	0	1	1	1	1	1	1	1	1	1	1	1
30514	0	4	4	1	0	0	1	1	0	0	1	1	0	0	0	1	1	1	1	2
30515	1	2	2	0	0	0	1	0	0	1	0	0	0	0	0	0	1	0	1	3
30516	0	5	2	1	0	1	1	0	0	0	0	0	0	0	0	0	0	0	1	1
30518	0	4	4	0	0	1	0	1	0	1	0	1	1	0	0	1	1	0	1	3
30603	1	3	3	1	0	0	1	0	1	0	0	1	1	1	0	1	1	0	1	3
30605	1	3	3	1	1	0	0	1	0	0	1	1	0	1	0	0	1	0	0	5
30606	1	3	3	0	0	1	0	0	0	0	0	0	0	0	0	0	0	0	1	2
30607	1	3	3	1	0	1	1	1	1	1	0	1	0	1	0	1	1	1	1	2
30608	1	3	3	1	0	0	1	1	0	0	1	1	1	1	0	0	1	1	1	2
30609	1	4	4	0	0	1	0	1	1	1	1	0	1	0	1	1	1	1	0	4
30610	0	6	5	1	1	0	0	1	1	0	1	1	1	1	0	1	1	1	1	5
30611	1	3	3	0	0	1	0	0	1	1	0	1	0	0	0	1	1	1	1	3
30616	1	3	3	1	0	0	1	0	1	1	0	0	0	0	1	0	1	0	0	2
30618	1	3	3	1	0	1	1	0	0	0	1	1	1	0	0	1	1	0	1	2
30622	1	3	3	1	0	1	0	0	0	1	0	1	1	1	1	1	0	1	0	4
30625	1	3	3	0	0	0	0	0	1	1	0	0	0	1	0	0	0	0	1	2
30629	1	4	4	0	0	0	1	0	0	1	0	0	0	0	0	1	0	0	1	1
30632	0	3	3	0	0	0	0	0	0	0	0	0	0	0	0	0	0	0	1	1
30633	1	3	3	1	0	1	0	0	1	0	0	1	1	1	0	1	0	0	1	2
30640	1	3	3	0	0	0	0	0	1	0	0	0	0	0	0	0	1	1	1	4
30703	0	3	3	0	0	999	1	0	0	1	0	1	1	0	0	1	0	0	1	999
30708	0	1	1	1	0	0	1	0	0	1	1	1	1	1	1	1	1	0	1	3
30711	1	999	3	999	999	999	999	999	999	999	999	999	999	999	999	999	999	999	999	999
30713	0	4	4	0	0	0	999	1	0	1	1	1	1	1	1	1	1	0	1	1
30724	1	4	4	0	0	0	0	0	0	1	0	0	0	0	0	0	0	0	1	2
30726	0	999	3	999	999	999	999	999	999	999	999	999	999	999	999	999	999	999	999	999
30728	1	999	3	999	999	999	999	999	999	999	999	999	999	999	999	999	999	999	999	999
30801	1	4	4	1	0	1	0	1	1	0	0	1	0	1	1	1	1	1	1	3
30802	0	999	4	999	999	999	999	999	999	999	999	999	999	999	999	999	999	999	999	999
30810	1	3	3	1	0	1	0	0	0	1	0	0	0	0	0	0	0	0	1	3
30811	1	4	4	0	0	1	0	1	0	1	0	0	0	0	0	0	0	0	0	2
30812	0	6	5	0	0	0	0	0	0	0	0	0	0	0	0	0	0	0	1	1
30815	1	3	3	0	0	0	1	0	0	0	0	0	0	0	0	1	0	0	0	1
30820	1	4	4	0	0	1	1	1	0	0	1	1	1	1	1	1	0	0	0	1
30823	1	3	3	0	1	0	0	0	0	1	0	0	0	0	0	1	1	0	0	4
30824	1	4	4	1	0	0	0	1	0	0	0	1	1	1	0	1	1	0	1	1
30827	0	3	3	0	0	0	0	0	0	1	0	0	0	0	0	0	0	0	1	999
30828	1	999	3	999	999	999	999	999	999	999	999	999	999	999	999	999	999	999	999	999
30830	1	4	4	0	0	0	0	0	0	1	0	0	0	0	0	0	0	0	1	1
30832	1	3	3	0	0	1	0	1	0	0	0	1	0	0	1	1	1	1	1	3
30834	0	1	1	0	0	0	0	0	0	0	0	0	0	0	0	0	0	0	1	1
30903	0	3	3	0	0	0	0	0	0	1	0	0	0	0	0	0	0	0	1	1
30905	0	3	3	1	0	0	0	0	1	1	0	0	0	0	0	0	1	0	0	5
30907	1	5	2	999	999	999	999	999	999	999	999	999	999	999	999	999	999	999	999	999
30908	1	999	4	999	999	999	999	999	999	999	999	999	999	999	999	999	999	999	999	999
30909	0	999	5	999	999	999	999	999	999	999	999	999	999	999	999	999	999	999	999	999
31004	0	3	3	0	0	1	0	0	0	1	0	0	0	0	0	0	0	0	0	4
31007	0	4	4	1	0	1	1	0	0	0	1	1	1	1	1	1	1	1	1	2
31011	1	3	3	0	0	0	1	1	1	0	0	0	0	0	1	1	0	0	1	3
31103	1	3	3	1	0	0	0	0	0	1	0	0	0	0	0	1	0	0	1	2
31104	1	3	3	1	0	1	0	0	1	0	1	1	0	1	0	1	1	0	0	2
31105	0	999	4	999	999	999	999	999	999	999	999	999	999	999	999	999	999	999	999	999
31108	1	8	5	1	0	1	0	0	0	1	0	0	0	0	0	0	0	0	1	5
31109	1	3	3	0	0	1	0	0	0	0	1	0	0	1	0	0	0	0	0	1
31110	1	4	4	1	0	0	0	0	1	1	0	0	0	1	0	0	0	0	1	5
31113	1	3	3	0	0	0	0	0	0	1	1	1	1	0	0	0	1	1	0	5
31115	0	7	5	0	0	1	0	1	0	0	1	1	1	1	1	1	1	1	1	2
31116	0	999	4	999	999	999	999	999	999	999	999	999	999	999	999	999	999	999	999	999
31117	0	999	3	999	999	999	999	999	999	999	999	999	999	999	999	999	999	999	999	999
31202	1	999	2	999	999	999	999	999	999	999	999	999	999	999	999	999	999	999	999	999
31204	0	3	3	1	0	1	1	1	0	0	1	1	1	1	1	1	1	1	1	1
31206	1	8	5	1	0	0	0	1	1	1	1	0	0	1	0	0	1	1	0	5
31207	1	5	2	1	1	1	1	1	0	0	1	1	1	1	1	1	1	1	0	4
31210	1	3	3	1	0	1	1	1	0	0	1	1	1	1	1	1	1	1	1	1
31214	1	3	3	0	0	1	0	0	0	0	0	1	1	0	1	0	1	1	0	4
31310	0	3	3	0	1	1	1	1	0	0	0	0	0	0	0	1	1	1	0	3
31313	0	999	5	999	999	999	999	999	999	999	999	999	999	999	999	999	999	999	999	999
31315	1	3	3	1	0	0	1	0	0	1	1	1	1	0	0	0	1	1	0	2
31404	0	999	4	999	999	999	999	999	999	999	999	999	999	999	999	999	999	999	999	999
31406	1	4	4	0	0	1	0	0	0	1	1	0	0	1	0	1	1	0	1	3
31413	0	4	4	0	0	0	0	0	0	0	0	0	0	0	0	0	0	0	1	1
31419	1	4	4	0	0	1	1	1	0	999	0	1	0	0	0	1	1	0	1	1
31428	0	3	3	1	0	1	1	0	0	1	0	0	0	1	0	0	0	0	0	1
31430	0	4	4	0	0	1	0	1	0	1	1	0	0	1	0	0	0	1	1	3
31501	0	999	4	999	999	999	999	999	999	999	999	999	999	999	999	999	999	999	999	999
31503	0	4	4	1	0	1	0	1	0	1	1	1	1	1	0	1	0	0	0	1
31507	1	999	4	999	999	999	999	999	999	999	999	999	999	999	999	999	999	999	999	999
31598	1	4	4	1	0	0	1	1	0	1	0	0	1	0	0	1	0	1	0	1
31603	1	999	5	999	999	999	999	999	999	999	999	999	999	999	999	999	999	999	999	999
31604	1	4	4	0	0	0	0	0	0	0	0	0	1	1	1	1	0	0	1	1
31608	0	4	4	1	0	0	1	1	0	0	1	1	1	1	1	1	1	1	1	1
31610	0	4	4	1	0	1	0	1	0	0	0	1	1	0	1	1	1	1	1	2
31614	0	4	4	1	0	0	1	1	0	0	1	1	0	1	1	1	1	1	1	1
31615	1	4	4	0	0	0	0	0	0	1	0	0	0	0	0	0	0	0	1	3
31616	1	3	3	0	0	1	1	0	0	0	0	0	0	0	0	0	0	0	1	1
31619	0	1	1	0	0	0	1	1	0	0	1	1	1	0	0	1	1	0	1	2
32101	1	3	3	1	0	0	0	1	1	0	1	1	0	0	0	0	1	1	0	5
32103	1	3	3	1	0	0	0	0	0	0	0	1	1	1	0	1	1	1	0	3
32104	0	3	3	1	0	0	0	1	0	0	0	1	1	1	1	1	1	1	1	3
32105	0	999	4	999	999	999	999	999	999	999	999	999	999	999	999	999	999	999	999	999
32106	1	7	5	1	0	1	0	1	1	1	0	1	0	1	1	1	1	1	0	4
32107	1	3	3	1	0	0	0	1	1	0	1	1	1	1	1	1	1	1	1	2
32108	1	3	3	1	0	1	1	1	1	0	1	1	1	1	1	1	1	1	0	3
32110	0	8	5	0	0	0	1	1	0	0	0	1	0	0	0	1	1	0	1	2
32113	0	999	3	999	999	999	999	999	999	999	999	999	999	999	999	999	999	999	999	999
32115	1	999	4	999	999	999	999	999	999	999	999	999	999	999	999	999	999	999	999	999
32301	1	999	3	999	999	999	999	999	999	999	999	999	999	999	999	999	999	999	999	999
32303	0	3	3	1	1	1	1	1	1	0	1	1	1	0	1	1	1	1	1	4
32305	0	3	3	1	0	1	0	1	1	0	1	0	0	1	0	1	1	1	1	4
32307	0	4	4	1	0	1	0	0	0	0	0	0	0	0	0	1	0	0	1	1
32309	0	3	3	0	0	0	0	0	0	0	0	0	0	0	0	0	0	0	1	1
32310	1	3	3	0	0	0	0	0	1	1	1	0	0	0	0	0	1	0	1	3
32315	0	999	3	999	999	999	999	999	999	999	999	999	999	999	999	999	999	999	999	999
32316	1	999	3	999	999	999	999	999	999	999	999	999	999	999	999	999	999	999	999	999
32317	0	4	4	0	0	0	0	0	0	0	0	0	0	1	0	1	1	0	1	1
32319	1	3	3	1	0	1	1	1	0	0	1	1	1	1	1	1	1	1	0	1
32323	0	3	3	999	999	999	999	999	999	999	999	999	999	999	999	999	999	999	999	999
32325	0	999	3	999	999	999	999	999	999	999	999	999	999	999	999	999	999	999	999	999
32602	0	3	3	1	0	0	0	0	0	1	0	0	0	0	0	0	0	0	1	1
32606	0	999	3	999	999	999	999	999	999	999	999	999	999	999	999	999	999	999	999	999
32607	0	999	3	999	999	999	999	999	999	999	999	999	999	999	999	999	999	999	999	999
32608	0	999	3	999	999	999	999	999	999	999	999	999	999	999	999	999	999	999	999	999
32609	1	999	3	999	999	999	999	999	999	999	999	999	999	999	999	999	999	999	999	999
32611	1	999	4	999	999	999	999	999	999	999	999	999	999	999	999	999	999	999	999	999
32614	1	3	3	1	0	1	1	1	0	0	0	0	0	0	0	0	0	0	0	3
33201	0	3	3	0	1	1	1	1	0	0	1	1	1	1	1	1	1	0	1	2
33205	0	3	3	0	0	0	1	0	0	1	0	0	0	0	1	0	0	0	1	2
33207	0	4	4	1	0	0	1	0	0	0	0	0	1	0	0	0	1	1	1	1
33209	999	2	2	1	0	1	1	1	0	0	1	1	0	1	1	1	1	1	1	2
33211	0	3	3	1	1	0	1	1	0	0	1	1	0	1	1	1	0	1	0	2
33213	0	3	3	1	0	1	1	1	0	0	1	1	1	1	1	1	1	1	1	4
33214	1	4	4	1	0	0	0	0	0	0	0	0	0	0	0	0	0	0	1	999
33215	0	5	2	1	0	0	0	0	0	1	0	0	0	0	0	0	0	0	1	1
33216	0	8	5	0	0	0	0	0	0	0	0	1	1	0	0	0	0	0	1	2
33219	0	5	2	0	0	0	0	0	0	0	1	1	1	1	0	0	1	0	1	2
33222	0	5	2	0	0	1	0	1	0	0	1	0	1	1	1	1	1	1	1	2
33223	0	8	5	0	0	0	0	0	0	0	0	0	0	0	0	0	0	0	1	999
33224	0	3	3	1	0	0	1	1	0	0	1	1	1	1	1	1	1	1	0	3
34201	1	7	5	1	0	0	0	0	1	0	0	1	1	1	1	1	1	1	1	4
34208	0	3	3	0	0	1	0	0	0	0	0	0	0	0	0	0	0	0	1	4
34211	0	6	5	1	0	0	0	1	0	0	1	1	1	1	1	1	1	1	0	2
34213	0	4	4	0	0	0	0	0	0	1	999	0	0	0	0	0	0	0	1	1
34214	0	3	3	0	1	1	1	1	1	1	0	0	1	1	1	0	1	1	1	3
34219	1	3	3	1	0	1	1	1	0	0	0	0	0	1	0	1	0	1	0	5
34221	0	999	3	999	999	999	999	999	999	999	999	999	999	999	999	999	999	999	999	999
34404	1	5	2	0	0	1	1	0	0	1	0	0	0	0	0	1	1	1	1	2
34405	1	6	5	0	0	0	1	1	1	1	0	0	0	0	0	0	0	0	0	5
34406	1	999	2	999	999	999	999	999	999	999	999	999	999	999	999	999	999	999	999	999
34407	1	3	3	0	0	1	1	1	0	0	1	1	1	1	0	1	1	1	0	2
34410	0	3	3	0	1	0	0	0	0	1	1	1	1	0	1	1	0	1	0	2
34416	1	3	3	0	0	1	1	0	0	1	1	1	0	1	1	1	1	0	0	2
34417	0	3	3	0	0	1	0	1	0	0	1	1	1	0	0	0	1	1	1	1
34502	0	4	4	0	0	1	0	1	0	0	0	1	1	1	1	1	1	1	1	2
34505	1	999	1	999	999	999	999	999	999	999	999	999	999	999	999	999	999	999	999	999
34506	1	3	3	1	0	0	0	0	1	1	1	0	0	0	0	1	1	1	0	3
34507	1	3	3	1	0	1	0	1	0	1	1	1	1	1	1	1	1	1	1	1
34508	0	4	4	1	0	1	1	1	0	0	1	1	1	1	1	1	1	1	1	2
34511	0	3	3	0	0	0	0	0	0	0	1	1	1	1	0	0	1	0	1	1
34513	1	1	1	1	1	1	1	1	1	0	1	1	1	1	1	1	1	1	1	4
34515	0	4	4	0	0	1	1	0	1	1	0	0	0	0	0	0	0	0	1	1
34518	1	4	4	1	0	0	0	1	0	0	1	1	1	1	0	0	1	1	0	4
34702	1	8	5	0	0	1	1	0	0	0	0	0	0	0	0	0	0	0	0	3
34705	0	1	1	1	0	0	0	1	0	0	1	1	0	1	0	1	1	1	0	3
34706	0	3	3	0	0	0	1	1	0	0	999	1	0	0	1	1	1	0	0	2
34707	999	3	3	0	1	0	0	0	0	1	1	1	1	1	1	1	1	0	999	1
34712	1	1	1	1	0	0	0	0	0	0	0	0	0	0	0	0	0	0	1	1
34714	0	4	4	0	0	1	0	1	0	0	1	1	1	1	0	1	1	1	1	2
34715	0	3	3	0	0	0	0	1	0	0	0	1	1	1	0	1	0	0	1	2
34801	1	4	4	1	0	0	0	1	0	1	1	1	0	1	0	0	1	1	1	2
34803	0	3	3	1	0	1	0	0	0	0	0	0	0	0	0	1	1	0	0	3
34807	1	3	3	1	1	1	1	1	1	0	1	1	1	1	1	1	1	1	0	2
34811	1	7	5	0	0	0	0	1	0	1	0	1	0	0	0	0	0	1	1	5
34814	0	3	3	1	0	1	0	1	0	0	1	1	1	1	1	1	1	0	1	1
34820	1	3	3	1	0	1	0	1	0	0	1	1	1	1	1	1	0	1	1	1
35301	1	3	3	0	0	1	0	1	1	1	0	0	0	0	0	1	1	1	0	2
35315	1	4	4	1	0	999	0	1	1	0	0	0	0	0	0	0	1	1	0	4
35319	0	3	3	0	0	1	1	0	0	1	0	0	0	0	0	1	1	0	1	1
35323	1	3	3	1	0	1	1	1	0	0	1	1	1	1	1	1	1	1	1	2
35324	1	3	3	0	0	0	0	0	0	1	0	0	0	0	0	0	0	999	1	999
35401	0	3	3	0	0	1	0	0	0	1	0	0	0	0	0	0	0	1	1	3
35402	1	3	3	0	0	1	0	0	0	1	1	0	0	1	0	0	0	0	1	3
35411	1	3	3	0	0	1	1	1	0	0	1	1	1	1	0	1	1	1	1	2
35412	1	3	3	1	0	1	1	1	0	1	1	1	1	1	1	1	1	1	0	1
35413	0	3	3	1	0	0	0	0	0	1	0	0	0	0	0	0	0	0	1	1
35415	1	5	2	1	0	0	1	0	0	0	0	1	0	1	0	1	1	0	1	2
35511	1	3	3	1	0	1	0	1	0	0	1	1	1	1	1	1	1	1	1	2
35512	0	999	3	999	999	999	999	999	999	999	999	999	999	999	999	999	999	999	999	999
35514	0	4	4	1	0	1	1	0	0	0	0	1	0	1	0	1	1	1	1	2
35515	1	999	3	999	999	999	999	999	999	999	999	999	999	999	999	999	999	999	999	999
35520	1	2	2	1	0	0	1	1	0	0	1	1	1	1	1	1	1	1	1	1
36102	1	3	3	1	0	1	1	1	0	1	1	1	1	1	1	1	1	1	1	2
36104	1	3	3	1	0	1	1	0	1	1	1	1	1	1	0	1	999	0	1	4
36106	0	4	4	0	0	0	0	0	0	1	0	0	0	0	0	0	0	0	1	999
36116	1	3	3	0	0	0	0	0	0	0	0	0	0	0	0	0	0	0	1	3
36117	0	3	3	0	0	0	0	0	0	1	1	0	1	1	1	1	0	1	0	3
36607	0	6	5	0	0	0	0	0	1	1	0	0	0	0	0	0	0	1	0	4
36612	0	3	3	1	0	1	1	0	0	1	0	0	0	1	0	1	0	1	1	2
36615	0	999	3	999	999	999	999	999	999	999	999	999	999	999	999	999	999	999	999	999
36617	0	3	3	1	0	1	1	0	0	1	1	1	1	1	0	1	0	1	1	2
36702	1	2	2	1	0	1	0	1	0	0	1	1	1	1	0	1	1	1	1	999
36703	0	4	4	0	0	0	0	1	0	0	0	1	1	1	0	1	1	0	1	2
36706	1	3	3	0	0	0	0	0	0	0	0	0	0	0	0	0	0	0	1	999
36709	1	3	3	1	0	1	1	0	0	1	1	0	1	999	999	1	1	999	1	1
36710	0	4	4	0	0	1	1	0	1	0	0	0	1	0	0	0	0	0	1	3
36711	0	3	3	1	0	0	1	1	0	0	1	1	1	1	1	1	1	1	0	4
36713	1	8	5	0	0	1	0	1	0	1	1	0	0	1	0	1	1	1	1	4
36715	0	4	4	0	1	1	1	1	1	1	1	1	1	1	1	1	1	1	1	1
36802	0	999	4	999	999	999	999	999	999	999	999	999	999	999	999	999	999	999	999	999
36803	1	3	3	1	0	1	1	1	0	0	1	1	1	1	1	1	1	1	1	3
36804	0	3	3	0	0	0	0	0	0	1	0	0	0	0	0	0	0	0	1	1
36805	0	3	3	0	0	0	1	1	0	0	0	0	0	0	0	0	0	0	1	2
36810	0	3	3	1	0	0	0	1	0	0	1	1	1	1	1	1	1	0	1	2
36813	999	8	5	1	0	0	1	1	0	0	0	1	1	1	1	1	1	1	1	1
36815	1	4	4	1	0	0	0	0	0	1	0	0	0	0	0	0	0	0	1	4
37003	0	3	3	0	0	1	1	0	0	1	0	1	0	1	1	1	0	1	1	3
37006	1	3	3	0	0	1	0	0	0	1	0	0	0	0	0	0	0	0	1	1
37010	0	3	3	1	0	0	1	1	0	0	0	1	1	1	0	1	1	1	1	4
37014	1	3	3	1	0	1	1	1	0	0	1	1	0	0	0	1	1	1	1	2
37017	0	4	4	1	0	1	1	1	0	0	0	1	1	1	1	1	1	0	1	2
37019	0	999	4	999	999	999	999	999	999	999	999	999	999	999	999	999	999	999	999	999
37028	1	999	4	999	999	999	999	999	999	999	999	999	999	999	999	999	999	999	999	999
37029	0	999	4	999	999	999	999	999	999	999	999	999	999	999	999	999	999	999	999	999
37041	0	4	4	0	0	0	0	0	0	1	0	0	0	1	1	0	0	0	1	1
37045	0	4	4	0	0	1	0	1	0	0	1	1	0	0	0	1	1	1	1	2
37048	1	4	4	0	0	1	0	1	0	0	1	1	1	1	0	1	0	1	1	3
